0.785362  1.5707  0
0.785554  1.57377  0.00196541
0.84073  1.55891  -0.00445813
0.956356  1.56063  -0.0515801
1.09993  1.55354  0.00436226
1.25064  1.55373  0.0040267
1.42821  1.58384  -0.0730558
1.6748  1.66504  -0.109296
1.95571  1.69505  0.0395
2.18078  1.64126  0.114809
2.2813  1.66552  0.116247
2.31908  1.68153  0.126937
2.35005  1.65392  0.12013
2.37435  1.55546  -0.0089642
2.3732  1.57396  4.79369e-05
2.37047  1.5637  0.0076699
2.36678  1.65028  -0.0788083
2.36069  1.70435  -0.132018
2.35268  1.75392  -0.179668
2.36237  1.68393  -0.116103
2.32416  1.57818  -0.00378702
2.11601  1.57137  0.000527306
2.09962  1.57176  0.00153398
1.97096  1.60378  0.0149563
1.81573  1.60023  0.00848483
1.70495  1.58892  0.00349939
1.61636  1.59141  0.00210922
1.56933  1.57185  0.00508131
1.56516  1.57799  -0.0157712
1.54795  1.56409  0.426782
1.56181  1.46265  1.28869
1.58803  -1.50321  1.03371
1.59373  -1.57358  -0.0067591
1.60553  -1.56821  -0.00359527
1.60802  -1.58336  0.0905528
1.66837  -1.55996  0.000431432
1.80744  -1.54184  0.00546481
1.96535  -1.53561  0.012895
2.12402  -1.53667  0.018983
2.25571  -1.54817  0.0157712
2.31941  -1.55066  0.0162506
2.42296  -1.53331  0.0394521
2.41232  -1.59975  -0.0312069
2.42176  -1.68115  -0.0969763
2.45	-1.63	-0.05			#1.34307  1.64203  -0.720779
2.4708  -1.58547  -0.0132306
2.45771  -1.13486  0.291217
2.242  -0.657407  0.492983
1.96544  -0.350706  0.581187
1.67182  -0.0980789  0.630322
1.16805  -0.641587  0.610908
0.82587  -1	0.3			#0.018983  -1.24564
0.774768  -1.57281  -0.00172573
0.765276  -1.55383  0.0272282
0.756791  -1.53523  0.0540728
0.690014  -1.60311  0.0381098
0.56226  -1.59755  0.0400752
0.467536  -1.59361  0.0405067
0.379714  -1.59313  0.0480807
0.313752  -1.59582  0.0643313
0.246591  -1.59026  0.0560862
0.212076  -1.59179  0.034179
0.41327  -1.98248  -1.23807
0.637666  -2.21622  -1.42435
0.78867  2.36454  -1.4581
0.893797  2.26531  -0.991814
1.13118  2.22072  -0.671548
1.08272  2.08161  -0.592356
0.996192  1.80962  -0.323814
0.905973  1.56591  0.00556068
0.832197  1.58374  -0.00977913
0.851372  1.7983  0.210635
0.957267  1.75765  0.200472
1.09653  1.75852  0.144817
1.24619  1.76187  0.0933811
1.39753  1.76053  0.0489915
1.54901  1.76091  0.0067591
1.68621  1.7798  -0.0290498
1.81051  1.60819  -0.0117925
1.92983  1.53063  -0.0141893
2.01496  1.56015  -0.00393083
2.07771  1.55248  -0.00862864
2.13409  1.5545  -0.00843689
2.25585  1.52823  -0.0324533
2.31975  1.56102  -0.00680704
2.32071  1.57645  -0.0126553
2.27383  1.59802  0.0226262
2.23878  1.59486  0.0325492
2.2279  1.61864  0.0489436
2.2257  1.6846  0.143379
2.18912  1.90444  0.382776
2.12929  2.10846  0.543796
2.08131  2.31689  0.62016
2.26045  2.3421  0.984816
2.35057  2.33529  1.4558
2.31174  -0.874273  1.19152
2.14478  -0.874369  0.793499
2.08663  -1.01626  0.587946
2.16419  -1.26218  0.381482
2.2256  -1.51653  0.0653859
2.31673  -1.53427  0.031111
2.36251  -1.57166  -9.58738e-05
2.36865  -1.58077  0.0159151
2.24022  -1.00236  -0.535887
1.56195  0.0164903  -0.832089
0.913835  1.00322  -0.514219
0.785554  1.56246  0.00143811
0.778555  1.56945  0.00412257
0.77822  1.53072  -0.0377743
0.779418  1.49678  -0.0742063
0.78124  1.46869  -0.1034
0.783684  1.44271  -0.130005
0.786513  1.41864  -0.154261
0.77635  1.49899  -0.0704672
0.773761  1.57118  0.00134223
